ID,Mouth,Nasal,Skin,Stool
ID_UOIPKJ,2.6330803e-05,1.0332908e-05,3.1864285e-05,0.99993145
ID_XHBQPF,0.9948539,0.00031221323,0.0033351376,0.0014987336
ID_KYILXT,0.99673957,0.00015369627,0.0023013768,0.0008053469
ID_UFGHMX,0.00011486578,0.00019207894,0.0002329903,0.99946004
ID_URMZQG,1.9937605e-05,0.99989676,4.7078647e-05,3.6266632e-05
ID_XZGAZR,8.233518e-05,7.397665e-05,0.9997451,9.861197e-05
ID_EWLDSP,0.0020252473,0.0010738323,0.001420057,0.9954809
ID_MIZQYO,0.00028150264,0.0002635452,0.00021702837,0.9992379
ID_TDWDXA,4.6232613e-05,0.9998491,5.9978436e-05,4.4717333e-05
ID_AUUTWM,0.00021437672,0.00020637712,0.9992804,0.00029888758
ID_CMXVYQ,0.99964595,0.0001732532,4.900066e-05,0.00013178172
ID_SPXUQR,0.9995493,0.00015498974,0.00013556596,0.00015999278
ID_NTHUOG,0.9974076,0.00022452888,0.002014956,0.00035292775
ID_NCEMDY,0.0001994872,6.984218e-05,7.915416e-05,0.99965155
ID_CPQIGO,7.35582e-05,1.5821759e-05,0.9998784,3.217138e-05
ID_OHNZBJ,3.611083e-05,0.9998048,7.621201e-05,8.297767e-05
ID_BYAFED,0.99947137,7.5427575e-05,0.0002168124,0.00023640624
ID_RSUGXE,0.0016826466,0.00012673592,0.997825,0.00036560895
ID_BNMXEV,5.2227188e-05,5.4450036e-05,0.99976903,0.00012436608
ID_UXNIQI,0.00015604946,4.046474e-05,0.9997172,8.630206e-05
ID_RMLFIJ,0.00052332063,0.9950624,0.0006679577,0.003746335
ID_LQGGAD,0.00014774647,7.468614e-05,0.99967325,0.00010425494
ID_RUQJUY,4.8070262e-05,2.126962e-05,1.6097176e-05,0.9999145
ID_DZKIUK,0.00035487002,0.99869907,0.0005190477,0.0004268803
ID_DAKOMQ,0.9992318,0.0003410257,0.00022705122,0.00020008367
ID_DQSPHV,0.0005483217,0.0019227044,0.0009843317,0.99654466
ID_YOZYCT,5.440023e-05,0.9997837,7.716509e-05,8.4829735e-05
ID_EYRGGZ,0.00025837688,0.9990553,0.00030313546,0.00038323112
ID_AVMUKC,0.016222648,0.008236981,0.97236204,0.0031783748
ID_IXCKHJ,0.9975447,9.906797e-05,0.001707463,0.0006488247
ID_HIJDMN,0.0002201161,0.9995937,7.219997e-05,0.00011398213
ID_NGRGOW,6.670277e-05,0.9990295,0.0005804644,0.0003233295
ID_TZWFLT,6.7167515e-05,0.9996113,8.219496e-05,0.00023924513
ID_BXLGGU,0.00016924037,1.395791e-05,0.99967694,0.0001398938
ID_EYVEPQ,2.2379509e-05,1.5864061e-05,2.2587623e-05,0.9999392
ID_KKJRNI,0.0007347335,0.00017778127,0.99882644,0.0002609577
ID_OUKSSJ,1.7002381e-05,0.9999043,3.5253815e-05,4.3368233e-05
ID_RCJRPR,7.687854e-05,2.5731151e-05,3.0882533e-05,0.9998665
ID_TRMAWK,0.9714821,0.0015531102,0.02300854,0.0039562727
ID_GXSXOM,0.00056737365,0.0012009456,0.0006000729,0.99763155
ID_TVVOGT,0.99948704,0.00021857946,7.863295e-05,0.00021563422
ID_TRZMLZ,0.00062899454,0.00043932893,0.998552,0.00037955737
ID_GDAVXE,0.00012451934,2.1078049e-05,0.9997514,0.000102998674
ID_HXCRPH,1.6559803e-05,1.532525e-05,0.99991727,5.0863415e-05
ID_PDGUOD,0.00035197329,0.00024020387,9.2277834e-05,0.9993155
ID_KYHLUP,9.136248e-05,0.99981385,5.170603e-05,4.3033495e-05
ID_UIJZCT,0.9994173,0.00033482397,7.5728734e-05,0.00017215991
ID_UWBLYI,0.0007716919,0.9944946,0.000972787,0.0037609152
ID_HDJRBM,0.0002073219,0.99943596,0.000112229725,0.00024452122
ID_JLFTVT,0.00011814344,2.4670864e-05,2.4488632e-05,0.99983263
ID_PXYGZV,0.00028331697,8.796107e-05,0.9993185,0.0003102472
ID_KRHOBX,0.00013958589,0.99961925,0.00012251912,0.00011873511
ID_NTRKRJ,0.99577063,0.0037929276,0.00017138671,0.00026489762
ID_EGRLRM,6.646917e-05,0.9996493,0.00014912823,0.00013514138
ID_GUQQOZ,0.005020308,0.0006674146,0.99342597,0.0008862731
ID_GSOESB,0.00066142646,0.0014857337,0.000800686,0.9970522
ID_ZLNTXR,0.9996842,9.904271e-05,7.202515e-05,0.00014484438
ID_CGQXZL,9.001922e-05,0.9990977,0.00023809547,0.00057422806
ID_TXPIAA,0.00014893693,0.99931955,0.00014463587,0.00038698688
ID_PBRNDT,7.293788e-05,0.9993292,0.00016700123,0.0004308343
ID_BWNYHM,4.4928493e-05,8.9417044e-05,0.00014532906,0.9997203
ID_PSWPIE,9.494944e-05,0.9997836,6.898516e-05,5.2496354e-05
ID_VWSOLR,7.489857e-05,3.3482338e-05,0.9998184,7.329428e-05
ID_HYWCAO,0.9993794,0.00016576145,0.00017804024,0.00027692446
ID_DTOEMP,0.00022244429,9.443988e-05,0.9995628,0.00012036784
ID_YTKUUL,3.462657e-05,1.3634443e-05,0.9999218,2.9956083e-05
ID_XLDPZS,0.9996971,0.0002033177,1.5702419e-05,8.387536e-05
ID_CAMNHK,3.7344325e-05,0.9998647,3.4144596e-05,6.386458e-05
ID_DSPHUD,0.00010739959,0.9996195,0.00012492275,0.00014829526
ID_SLSSUE,0.9996326,9.946533e-05,0.0001074595,0.00016035594
ID_MUIUQL,0.00020596263,0.00013130355,0.9995147,0.00014794426
ID_IKVUWD,0.99953365,0.00019268571,9.9778874e-05,0.00017402093
ID_JAVLTI,0.0012567939,0.00021325807,0.99835455,0.00017539371
ID_RIAKBG,0.0002786237,0.00011425036,0.99945706,0.0001500809
ID_RUCXQY,0.0020529202,0.0009269272,0.9963967,0.0006234188
ID_QSESQA,0.99938583,6.068406e-05,0.00034779546,0.00020575468
ID_DQYBXD,0.9996419,0.00017878452,3.413972e-05,0.00014522554
ID_LRWCUV,6.939399e-05,4.27858e-05,0.99977213,0.00011577401
ID_ZCQPZJ,3.1402873e-05,2.3395753e-05,0.00014911543,0.9997961
ID_YOFONJ,0.00052030594,2.2977583e-05,0.00012626866,0.9993305
ID_PGFAHM,3.384726e-05,0.9997044,0.00015903755,0.000102774444
ID_EKTTWX,0.0005174413,0.0012822101,0.0006856932,0.9975146
ID_OGGKXA,0.00017508739,0.00022052805,9.508068e-05,0.99950933
ID_MBFMSB,2.5197774e-05,0.9998739,5.4680353e-05,4.6228113e-05
ID_EBWXAG,0.00044551378,0.00053227023,0.9985415,0.0004807829
ID_RLMZSH,0.00010627163,0.99956816,0.00016941605,0.00015603914
ID_ZXTCJH,0.00014122612,0.00026683565,0.001034421,0.9985575
ID_DPYKSG,0.0014739458,0.0009885229,0.9966595,0.00087803195
ID_BZYPZI,2.379531e-05,1.2851588e-05,6.943468e-05,0.9998939
ID_RGWSWF,7.569822e-05,8.751202e-05,3.7788894e-05,0.9997991
ID_PRMQOT,0.9990609,0.00019144072,0.00049456087,0.00025309078
ID_URHMNJ,0.9361874,0.0014386119,0.054241486,0.008132511
ID_ZUTVQY,0.9996587,0.00020951156,4.06345e-05,9.1126436e-05
ID_PPKBLF,0.00011702506,0.9996482,9.7092896e-05,0.00013760048
ID_CMCJKR,0.00010014361,4.9424656e-05,0.000118475655,0.99973196
ID_YENVJG,0.00030250207,0.00016888638,0.000113315335,0.9994153
ID_ENHCCD,4.290143e-05,0.99965656,0.00017450703,0.00012602734
ID_SNITZY,9.952078e-05,0.9994357,0.00025027088,0.00021445157
ID_LEYQFD,0.99970835,6.0686165e-05,0.00010137425,0.0001295137
ID_UYOVRS,3.0703875e-05,0.99992204,3.2181895e-05,1.4993945e-05
ID_UBEWPC,0.00016788485,3.1767577e-05,0.99970526,9.512426e-05
ID_XRZHAV,6.0272705e-05,7.047367e-05,0.9997147,0.00015455719
ID_NMPTSC,0.00071745063,0.002312471,0.0006237675,0.9963463
ID_KEJCVV,0.00045192544,0.00016928224,0.99914837,0.00023033167
ID_UZDQMH,0.9992617,0.00012428494,0.00039355506,0.00022050642
ID_CXYITK,0.0004474356,4.8379898e-05,0.99937075,0.00013343628
ID_UBVZZX,0.9912162,0.00038441978,0.006858398,0.0015410696
ID_UGFAUT,8.6641485e-05,0.00037940507,0.00049440947,0.9990395
ID_QAYMJX,0.00022081325,0.00024730453,0.9992894,0.00024237233
ID_FSTZWF,0.000120906945,0.99948645,0.00014852647,0.00024407319
ID_MXIYTV,6.401287e-05,3.7742786e-05,3.5584555e-05,0.9998627
ID_ISPEXV,0.999175,0.00020154804,0.00033178038,0.00029171514
ID_RMWWZJ,2.614293e-05,0.9995172,0.00013189462,0.00032484325
ID_LRMWEM,0.00019953649,0.9995907,8.9327645e-05,0.00012039256
ID_OTAMKM,0.00021305803,0.00025635154,0.00015301393,0.99937755
ID_OCJFSP,0.9979621,0.0002144329,0.0013748694,0.00044859815
ID_BUTTHJ,9.598974e-05,4.1825297e-05,0.9996959,0.00016634185
ID_IBDNAG,0.00044261984,0.00042139587,0.99871576,0.00042022765
ID_QSVRON,0.9981414,0.00037371536,0.00094211334,0.0005427284
ID_BSCLTL,0.99782515,0.0002336889,0.0012992322,0.0006418207
ID_BRXQMI,0.008296418,0.00257897,0.987605,0.0015196636
ID_LGKDBX,0.99938834,0.0003043499,0.00010511583,0.00020212006
ID_RBPJIE,0.99925214,9.4269e-05,0.00024953525,0.0004040174
ID_VBVWJD,0.99811745,0.0007046784,0.00056575844,0.0006121631
ID_DCYZXZ,0.00020529513,7.0386915e-05,0.99959785,0.0001264051
ID_EFKZYN,0.00027827744,0.00031336187,0.00014287002,0.9992655
ID_DYYGRW,6.873876e-05,3.1224114e-05,0.99983513,6.481638e-05
ID_ZMEKSI,9.864415e-05,0.00013628844,0.9995745,0.000190538
ID_LHOFOL,6.404892e-05,0.9995437,0.00010029209,0.0002918275
ID_TMGNTU,0.00020989825,0.00013243571,0.00012327473,0.99953437
ID_NLPICA,8.231546e-05,1.6856638e-05,0.9998555,4.5241242e-05
ID_JCQLQG,0.9970266,0.0005231863,0.0020670309,0.00038323496
ID_YYKIRN,4.8659796e-05,0.9988105,0.00043739038,0.0007034318
ID_WSMTLV,7.2341086e-06,0.9999331,3.6175064e-05,2.3485834e-05
ID_UVEWHH,0.0042584753,0.0013003288,0.9936759,0.0007653211
ID_REYPNJ,6.533957e-05,7.133406e-05,7.016139e-05,0.99979323
ID_LYOJXP,0.00017857422,5.8085796e-05,0.9995321,0.00023124741
ID_ARGCHE,0.00027464013,0.99924445,0.00022450858,0.00025629174
ID_GWJDGL,0.00020404879,5.671101e-05,0.99958044,0.00015887078
ID_PWDCFX,0.0013212342,0.0006910107,0.9975387,0.0004490373
ID_BBHZGN,0.99917114,0.00028114472,0.00022231917,0.00032548732
ID_QRZZWA,0.9989316,0.00018426366,0.0005556451,0.0003284889
ID_LGFAYI,0.9970682,0.00075661886,0.0011006036,0.0010744947
ID_WWPMSP,5.4037104e-05,0.99979633,7.0704e-05,7.903135e-05
ID_LWLEZI,6.5846856e-05,0.9997775,5.835739e-05,9.829358e-05
ID_QTPUJG,0.00020716734,0.99938357,0.00025807164,0.00015118877
ID_XAYTFP,0.00020638725,5.0690513e-05,0.9994343,0.0003085599
ID_YSKBBI,0.0001000113,1.9309946e-05,3.4511566e-05,0.9998461
ID_OJQATT,0.0001619507,0.0002456223,0.00016107582,0.9994313
ID_WBMCVM,0.00023466942,4.6702244e-05,0.9996171,0.00010151853
ID_JXCFZG,0.0017689781,0.00046060703,0.9973494,0.00042096266
ID_QTNNPA,1.8422791e-06,3.504811e-06,0.9999654,2.9204017e-05
ID_SUBJSJ,0.0004022847,0.00016876541,0.9992205,0.0002084728
ID_RRPSJN,0.0005612835,0.00021399255,0.00024717665,0.99897754
ID_TMSZTO,0.99714476,0.00013159322,0.0020822464,0.0006413984
ID_DHGWGW,0.000934323,0.00023109923,0.99847156,0.00036299328
ID_RRAGGS,0.0014244119,0.0092071695,0.0013327489,0.98803574
ID_CTBHHY,0.0004042703,0.00010343467,0.9993161,0.00017613299
ID_WTODMY,3.6696045e-05,0.99983156,8.5996595e-05,4.5599852e-05
ID_CYIBFB,0.00019135508,5.653452e-05,0.9995696,0.00018259473
ID_WJYUAL,0.00046519857,0.9979944,0.00065518415,0.0008852991
ID_CHVVYY,0.00024522792,0.0004689537,0.00024128745,0.9990445
ID_PXNHNU,1.3985196e-05,0.999897,4.131752e-05,4.772787e-05
ID_NHYWEN,3.5028042e-05,3.2039756e-05,0.00022310654,0.9997098
ID_ZQJSXK,0.00024255204,0.00010893513,0.99950683,0.00014172432
ID_DCSXUC,0.9979164,0.0007298068,0.0008433352,0.0005104276
ID_HQJZSF,8.4570296e-05,1.1732596e-05,4.82944e-05,0.9998554
ID_VFYRUF,6.464638e-05,0.99960274,0.00011711184,0.00021549
ID_JMGROA,0.00024125336,0.9986557,0.00038733808,0.0007156112
ID_NFNPRL,3.7078615e-05,0.9994972,0.00013647467,0.0003293514
ID_EHBSHA,0.00017287079,0.0001300756,0.00011407258,0.99958295
ID_QXKVOW,0.0008021528,0.00030751785,0.99857485,0.00031544632
ID_MLTJOR,0.00024047653,0.0010668725,0.99695814,0.0017346091
ID_ZZWUCJ,0.041841254,0.01140939,0.93984985,0.006899571
ID_DVNEFD,0.015797172,0.0056402693,0.9754912,0.0030714385
ID_ISGTTF,0.00010409068,0.00012136946,9.40328e-05,0.9996805
ID_LMPJDC,8.749126e-05,4.5854227e-05,4.6407135e-05,0.9998203
ID_BXGPNO,0.9992254,0.00013813474,0.0003468189,0.0002895576
ID_EKMJZC,7.235697e-05,0.99905866,0.00020580171,0.00066310714
ID_KKOBOD,1.9323792e-05,3.766958e-05,0.9997999,0.00014314616
ID_FWTBNG,3.0223007e-05,7.772688e-06,0.99989796,6.401812e-05
ID_ZCOHNC,0.0005028895,0.00019435286,0.00023849042,0.99906427
ID_ZAFLWS,0.0005108008,0.003996123,0.002251489,0.99324167
ID_XGJMZC,0.00055584835,0.00020536373,0.0002781302,0.9989606
ID_BQALZS,0.8349717,0.00079259125,0.15413536,0.0101002585
ID_PLDVLB,5.2608306e-05,0.9996413,0.0001284298,0.0001776989
ID_KCDUYG,5.503362e-05,3.66948e-06,0.99982774,0.000113494076
ID_XBWYVZ,1.3887796e-05,1.6976353e-06,0.9999567,2.7600168e-05
ID_COAYXA,0.00052749127,0.9982023,0.0005238417,0.00074633845
ID_XJRBMI,0.9982463,0.0009235355,0.00024674713,0.0005833232
ID_EJRTGT,0.0015190222,0.00035540684,0.99763,0.0004955514
ID_ZPWGNB,0.005635346,0.00089268683,0.99275535,0.00071660616
ID_OWPRUX,0.0010181405,0.00036472952,0.9982798,0.00033739337
ID_FHKIGB,0.9996018,8.423561e-05,0.00013459413,0.00017930906
ID_FRTXEK,0.99948066,0.00025559217,0.00010375405,0.00015996103
ID_LLPPYO,9.1331436e-05,3.6375764e-05,3.971328e-05,0.9998325
ID_HPVLUO,0.00026285637,0.0002498691,0.000268522,0.9992187
ID_JHMOXA,0.99937385,0.00019571882,0.0001624235,0.00026806115
ID_BPZJQD,0.00017067397,0.00039269598,0.0003611635,0.9990754
ID_IDTLQJ,0.9997423,0.00018338425,2.3262653e-05,5.1029023e-05
ID_IEOLLX,0.999629,0.00014643066,7.9838406e-05,0.00014470427
ID_RUVILG,0.00054321496,0.00019822954,0.99905246,0.0002060687
ID_ZCEXAD,6.579889e-05,5.965089e-05,0.00023913571,0.99963546
ID_HCHMLH,0.00010258324,0.9997744,7.0506445e-05,5.247425e-05
ID_FXILGC,0.0008644386,0.99773216,0.00067569735,0.0007276669
ID_JHDIEV,0.00070368976,0.0014315649,0.0004883566,0.99737644
ID_SFUMKA,1.1797601e-05,4.466421e-06,0.9999312,5.26059e-05
ID_YVMIEX,4.1871488e-05,5.306501e-05,0.00011542701,0.99978966
ID_JEQRYR,0.00014965529,3.730672e-05,0.99956006,0.00025297102
ID_ELMXSH,0.00037808876,5.7863497e-05,0.99942756,0.00013655343
ID_HECJPL,0.00018300195,4.1125226e-05,5.66939e-05,0.9997192
ID_IZGKUA,0.00028758348,6.5800865e-05,3.550666e-05,0.9996111
ID_VLJTAB,0.9989875,0.00020250081,0.00041207427,0.00039798982
ID_XOQVRA,4.069894e-05,0.9998548,6.757127e-05,3.7007117e-05
ID_KVSMTQ,0.00094758935,0.0065942807,0.0012204843,0.99123764
ID_MJDAET,0.0004700099,0.99885345,0.00030185925,0.0003747608
ID_RCYKMF,0.00013048197,0.99967813,0.000106103456,8.5355205e-05
ID_SDLDMV,0.00016004084,8.223432e-05,8.541709e-05,0.9996723
ID_OTVREC,0.99981433,9.62021e-05,1.832276e-05,7.119176e-05
ID_LDNFCA,0.99980396,4.3544107e-05,4.1787396e-05,0.00011076639
ID_NZMCVC,6.257087e-05,0.9994536,0.0001364012,0.00034741545
ID_ZQTHSJ,0.0006287927,0.0004920327,0.00037318753,0.99850607
ID_AWHBEB,0.00015133573,0.00027510565,0.00024546162,0.99932814
ID_ZKEAEO,0.99928516,0.00014667066,0.00032231392,0.00024585798
ID_GITYQY,0.00018688689,0.9995516,0.0001401055,0.00012144574
ID_IPNWJS,5.1478477e-05,1.6594739e-05,0.9998789,5.305229e-05
ID_FGBIVM,6.649516e-05,0.9997149,0.00012676834,9.1736714e-05
ID_IRJAOX,5.1351686e-05,0.9997255,0.00015346492,6.9645874e-05
ID_IAYUXL,0.0003324556,0.9994254,0.00016303886,7.925695e-05
ID_ZQPHOL,0.0001131886,4.6155805e-05,0.9997676,7.309218e-05
ID_FVXHYB,0.99958426,6.6539746e-05,0.00015444611,0.00019481394
ID_BBHQDM,0.0007629439,5.115214e-05,0.998992,0.0001938838
ID_JXIJHK,1.0867867e-05,0.9999511,2.5914094e-05,1.2105472e-05
ID_CYRXBM,0.00027522835,0.9989485,0.00037488586,0.00040143775
ID_XSITII,0.8996526,0.0029732126,0.08523657,0.012137708
ID_FSVRAD,2.1218817e-05,1.4194352e-05,3.5214478e-05,0.9999293
ID_DEHZSK,0.9611779,0.0040628132,0.031525586,0.0032337713
ID_RFKKZX,0.00054096326,0.00034993963,0.9987852,0.00032389164
ID_QZAJWB,0.00024378182,0.9993344,0.00010282884,0.0003189859
ID_EWAEEB,0.00071407424,5.181809e-05,0.9989924,0.00024180491
ID_IGDVEU,0.0029844444,0.00031476983,0.9962404,0.00046042228
ID_CVBFDK,8.514976e-05,4.6339424e-05,0.00013123613,0.9997373
ID_CZJPWJ,1.3989243e-05,1.0752471e-05,5.590246e-05,0.9999193
ID_UBTHLE,0.00028667747,0.0005592992,0.00031554105,0.9988385
ID_KRPYRQ,3.663056e-05,0.99976224,7.845569e-05,0.0001227528
ID_HMTIMT,0.99968696,0.00016368281,2.521941e-05,0.00012404317
ID_TQWIDM,9.228535e-05,0.99947697,0.0002290707,0.00020163183
ID_JVLRWQ,0.9486762,0.0022149594,0.042811804,0.0062969374
ID_EBAFVX,0.99976665,0.00018852475,1.5390264e-05,2.942511e-05
ID_LGZRGZ,0.0002183092,4.7490666e-05,7.0169124e-05,0.99966407
ID_XXPAOD,0.00017020205,0.00021230565,0.00024890143,0.9993686
ID_EWYNGD,0.0003386616,0.000103712,0.9994054,0.00015224177
ID_ZLNIVC,4.2453717e-05,2.8327508e-05,3.3481065e-05,0.9998957
ID_YFCWKA,0.99886024,0.00040280426,0.0004051971,0.00033168728
ID_KNZDMP,0.99902475,0.0003188718,0.00034109195,0.00031518453
ID_YMJDMN,0.9965668,0.00071188645,0.002106939,0.00061439245
ID_UJWTRH,0.00013014296,0.00023210693,0.00020641065,0.9994313
ID_OTIEVR,0.00018724026,5.7500325e-05,0.99966586,8.9371766e-05
ID_ZIZGXX,0.99591833,0.0031987038,0.0003084765,0.000574555
ID_AFAEMB,0.9991392,9.8516786e-05,0.00050910166,0.00025325862
ID_IBKNZU,0.00028264563,0.9984282,0.00046310734,0.0008259683
ID_PVTQFI,0.00047844567,0.9968817,0.00063068315,0.0020091513
ID_XLDVCN,0.00021062947,0.00013877828,0.0001528506,0.9994978
ID_IJLDZY,3.364818e-05,3.5173798e-06,0.99989736,6.54247e-05
ID_FNCBDC,7.286623e-05,0.00023293811,0.00040468734,0.9992895
ID_ERGQHM,0.9968641,0.000386261,0.00220548,0.00054432143
ID_IKMAKG,5.3254662e-05,0.99967515,9.404234e-05,0.00017756464
ID_OLFWUX,2.6968031e-05,7.067545e-06,0.99992216,4.377306e-05
ID_QPQFUP,4.085408e-05,0.9994043,0.00023932793,0.00031552144
ID_HZITJP,0.00013836107,0.9992384,0.00022026357,0.00040300348
ID_SZMORK,0.0001763516,0.9991986,0.00029209314,0.00033288138
ID_UBLPMY,0.00047645555,0.9976847,0.0006949545,0.0011439264
ID_VRFSBR,2.7926286e-05,0.9998691,6.420091e-05,3.8723956e-05
ID_HEYXJI,0.99540377,0.00029375526,0.0032702368,0.0010322796
ID_SCGIJI,0.00011460456,3.0063213e-05,0.99963033,0.00022497537
ID_IYSRIJ,0.00027949267,0.9990294,0.00033799707,0.00035312137
ID_YTOJQQ,7.8932564e-05,0.9997253,9.527306e-05,0.00010063186
ID_IQCHWD,0.00017332357,3.986818e-05,0.9996276,0.00015921956
ID_HHJOJF,0.00029353768,0.00015655014,0.9993311,0.00021881022
ID_YKYPOY,4.760247e-05,0.9998286,6.19601e-05,6.1896724e-05
ID_WBMMPZ,0.99876815,0.00021189661,0.0005309952,0.0004889231
ID_VVEYSN,9.620353e-05,3.2833083e-05,0.999813,5.7924855e-05
ID_RCUVRF,0.00016856431,0.99961203,0.00013243654,8.699932e-05
ID_EBELWC,0.00015144337,0.9993105,0.0003315432,0.00020654501
ID_KIGPAK,8.192754e-05,0.9996903,0.00014449732,8.328758e-05
ID_ZANNAE,9.020279e-05,5.3397278e-05,0.9997899,6.649019e-05
ID_MOYCIS,0.00028648303,0.00011421075,0.9992716,0.00032773378
ID_SNMASC,5.5151842e-05,0.9988701,0.0005853594,0.0004893759
ID_GNHNVJ,0.9979685,0.00027418716,0.0010113479,0.0007459768
ID_PRKEKM,0.99923444,8.304367e-05,0.00038959162,0.00029291507
ID_CMYHXL,0.00044057108,0.00026940406,0.9989802,0.00030979665
ID_BRQVGL,0.06661571,0.006339044,0.9227566,0.0042886306
ID_LLVAJH,0.0002047423,2.744272e-05,0.9997166,5.1212235e-05
ID_BGAQPG,9.8657336e-05,6.665222e-05,0.9996433,0.00019143581
ID_VUFSVO,5.5854976e-05,5.9918842e-05,5.2691335e-05,0.99983156
ID_QRGJTL,0.9993304,0.00018812269,0.00017349873,0.00030808322
ID_OJKWLR,0.00027856856,0.00014068608,0.9993393,0.00024147838
ID_CURZNU,0.9997359,8.609668e-05,4.5399844e-05,0.00013270101
ID_RMTSMJ,0.00022250958,0.00021173999,0.99938524,0.00018054672
ID_PPXPKV,0.0007920819,0.00027410086,0.00016769933,0.9987662
ID_THXTJN,4.823876e-05,2.1232718e-05,5.5935852e-05,0.9998746
ID_MUOGLX,0.9981262,0.0008551755,0.0006662184,0.00035239928
ID_XSCGKH,0.00030910704,0.99933785,0.00018857495,0.00016435115
ID_PTBYNC,0.99919313,0.00039554387,8.794366e-05,0.00032338244
ID_CXKXTY,0.9993093,0.00030904636,0.00013212298,0.00024962262
ID_NXWSMB,2.3172477e-05,4.0534733e-06,2.7053624e-05,0.99994576
ID_MZJILQ,0.9990945,0.0003869368,0.00018234788,0.00033623294
ID_QKNHCR,3.380938e-05,1.469629e-05,0.9998902,6.128327e-05
ID_GMAGLB,0.00028011538,0.0001413366,0.9994282,0.00015032181
ID_RRNXWU,6.536723e-05,0.9998017,6.2262065e-05,7.085531e-05
ID_OMCGWZ,0.9947208,0.00028988978,0.0037404622,0.0012487659
ID_PGWIWQ,0.00020699107,0.9987876,0.00043903082,0.0005665282
ID_EGSYYO,0.00029433487,0.99751425,0.0007551749,0.0014361936
ID_HJNVPV,0.99931705,0.00020761752,0.0002232366,0.0002521127
ID_ODOOCR,1.768716e-05,0.9998161,0.00012333969,4.2867985e-05
ID_IPUTNF,0.0007922286,0.0002522445,0.00021763092,0.9987379
ID_QRHEXN,0.00066283904,0.99729854,0.0008557659,0.001182939
ID_MORRXV,0.00010217605,0.99969006,0.00014603084,6.187818e-05
ID_SLMYSY,3.2498152e-05,4.559477e-05,5.1169212e-05,0.9998708
ID_HSUKYJ,0.00013701303,0.99966335,0.00010452329,9.5142226e-05
ID_PANQZY,0.99937767,0.0001525979,0.00025167564,0.0002180384
ID_EZJDLE,0.00018277211,2.2680279e-05,2.0706972e-05,0.9997738
ID_EWBQCC,0.97285265,0.0009354962,0.023618871,0.0025930232
ID_DYXRFB,0.00013481334,9.531986e-05,0.99965656,0.00011336561
ID_ERUQTZ,0.0004986248,0.00016796823,0.999196,0.00013743427
ID_FYMQCV,0.9992756,0.00027305583,0.0002642399,0.00018719342
ID_IDVKOX,6.899234e-05,5.5678724e-05,0.9997781,9.7216514e-05
ID_ZWKWIN,4.8533362e-05,7.884462e-05,0.00010439926,0.9997682
ID_ULYCLD,0.0032689108,0.008614511,0.0030485063,0.985068
ID_LYLGTW,6.242086e-05,0.9985677,0.00045621154,0.00091373664
ID_UHJIFJ,0.99948716,0.0003457434,5.803496e-05,0.00010898962
ID_FJZWNX,0.00017984712,0.00011762996,0.00023531255,0.9994672
ID_QLOFSU,0.00020019562,0.00024113407,0.00024435928,0.9993143
ID_BAFNRW,0.00022440765,5.8506583e-05,6.61722e-05,0.99965096
ID_GGUPKG,0.99974257,0.0001551139,2.1022897e-05,8.131306e-05
ID_WWVJZB,0.00039966236,0.00064839446,0.0007330984,0.99821883
ID_UYRVKP,0.00032566377,7.781281e-05,4.5662673e-05,0.9995509
ID_MDTLYS,4.984979e-05,0.99978906,0.00010480356,5.6359684e-05
ID_PRLKYI,8.06905e-05,3.849115e-05,0.9997948,8.603149e-05
ID_VAESYJ,8.163029e-05,6.7197085e-05,3.8205457e-05,0.999813
ID_QWHBRI,0.0002668843,0.00015780992,0.9994123,0.00016295744
ID_VMCDLK,4.892556e-05,0.9997639,0.0001103215,7.677848e-05
ID_ZXNUDJ,0.999537,0.00019515412,8.9313646e-05,0.00017853797
ID_QCDDTP,0.9996458,0.0002631471,1.721739e-05,7.393101e-05
ID_TTRXDO,0.99677026,0.0008682073,0.0017292632,0.0006322496
ID_CFQAKO,0.00016973383,0.00023076183,0.000111311936,0.9994881
ID_CIGUQR,0.99955493,0.0003212454,5.2616404e-05,7.1171664e-05
ID_YQOIHQ,4.5621357e-05,0.9997824,8.650051e-05,8.543854e-05
ID_CXKMII,8.145326e-05,4.4788936e-05,4.7839763e-05,0.9998259
ID_PKQRMJ,4.0150557e-05,1.21948015e-05,4.204806e-05,0.9999056
ID_HEJUMM,0.00046059288,0.0001280549,0.00012415437,0.9992872
ID_UPIUVM,0.00023892261,0.99870086,0.00062022894,0.00043989124
ID_RYQIAU,6.0799328e-05,0.00013183476,0.00015003455,0.9996574
ID_WMWSQL,0.00013719125,0.000327021,0.00017091891,0.9993649
ID_SFBLCM,5.652401e-05,5.861536e-05,0.99978894,9.5923264e-05
ID_DESNNL,0.00045524113,4.433899e-05,0.9990337,0.0004667692
ID_GUYLSW,0.00011927194,2.6237802e-05,0.9997758,7.863526e-05
ID_EAWZFF,0.00013956985,0.00030080145,0.9990088,0.00055082864
ID_LTOUMX,0.000121501835,0.00019551095,0.00011021578,0.9995728
ID_YUEGJH,0.00038091643,0.00021193468,0.99922776,0.00017937672
ID_DZCDNY,0.9996728,0.00010663799,4.0141975e-05,0.00018040484
ID_WUSJAO,0.00028154443,4.870155e-05,3.1781135e-05,0.99963796
ID_GOLPVM,0.9950328,0.002522814,0.0015839727,0.0008602741
ID_PZGLVE,1.1249689e-05,4.3983324e-05,0.9997961,0.0001487555
ID_BMOTBZ,0.9996511,0.0001104202,8.6281136e-05,0.0001521905
ID_CCCVPZ,0.0010575057,0.9954757,0.0010997058,0.002367105
ID_NMOUMD,2.7902375e-05,3.0086221e-05,6.9269256e-05,0.9998727
ID_AYOAPD,0.9823056,0.0022484865,0.0110209845,0.0044249617
ID_VPNYMF,1.0434499e-05,6.2773647e-06,0.99996483,1.8419822e-05
ID_EMAJOW,0.00013909607,3.4887587e-05,0.99974126,8.4781896e-05
ID_FAMGIP,9.8621604e-05,0.9995529,0.00016523589,0.00018310819
ID_YYOCYN,0.025093647,0.0023141964,0.9701361,0.0024560457
ID_WLAYJI,0.0009133417,0.0021171467,0.0004526946,0.9965168
ID_XUKBYU,0.00028018272,0.99816054,0.00076965726,0.0007895749
ID_REMOGV,0.0002862756,6.297025e-05,9.4661154e-05,0.9995561
ID_CMJWBS,0.0048097735,0.0017110389,0.9921484,0.0013308515
ID_PWBLRE,0.00033312992,0.00014348989,0.9993956,0.00012770436
ID_JTGTDT,0.0010361382,0.0069676694,0.0012944003,0.9907018
ID_GMYKDR,0.99925226,0.00013338281,0.00031196343,0.00030227652
ID_IPIIVK,0.00035596604,0.0002443795,0.00039809317,0.99900156
ID_EUMUND,6.992404e-05,2.386547e-05,0.9997625,0.00014369815
ID_XXYDBQ,6.919661e-06,0.999974,1.5162813e-05,3.9500314e-06
ID_QOCKYY,0.9994746,0.00028808086,6.9498165e-05,0.00016786836
ID_BIVMAZ,0.9997546,0.00011010701,1.9150688e-05,0.00011611299
ID_INTDEO,0.9993393,0.00014928998,0.00022243209,0.00028903713
ID_MNOFUX,0.00011482124,0.9996662,0.0001006337,0.00011839084
ID_AWUOPA,0.00014455464,0.9995091,0.00015511319,0.00019123532
ID_TEJVIO,0.08291723,0.030362368,0.87791914,0.008801251
ID_PWPECK,0.00059669244,0.000101009486,0.99915373,0.00014855138
ID_HGLFGL,5.9111353e-05,0.00010735426,7.355903e-05,0.99976
ID_HJFWMV,0.0013220288,0.00017222464,0.9981602,0.00034554838
ID_MXMLNF,7.758286e-05,5.9423157e-05,9.497849e-05,0.9997681
ID_WTYLTM,0.00020747576,0.0001067732,0.9995714,0.000114405724
ID_GLDSLL,0.0030757468,0.00035028113,0.9960722,0.00050174934
ID_TNDXKP,0.000319905,0.00031549306,0.99896085,0.00040366146
ID_XJYLRF,1.8113276e-05,0.999874,4.0047682e-05,6.781957e-05
ID_VHVEKC,0.989532,0.0019506225,0.0066862972,0.0018311441
ID_KGPLHC,0.00010606247,0.00022296734,0.00018749626,0.99948347
ID_MNFODC,9.548511e-05,0.9994843,0.00019611062,0.00022416344
ID_BGXBIY,0.00013335233,1.6810603e-05,2.9116787e-05,0.99982077
ID_ABHFUP,1.5779122e-05,0.9999465,2.7340244e-05,1.043158e-05
ID_MGCBZX,0.99971527,5.7086152e-05,4.6506946e-05,0.00018109687
ID_CFTZNA,0.0003755663,0.0005841398,0.00017121674,0.998869
ID_RRGPYK,4.2150114e-05,3.0286745e-05,7.151347e-05,0.999856
ID_SXADYW,0.00025203114,0.00015334164,0.9994684,0.00012626621
ID_EWXVSN,0.00015268412,0.00010410702,7.736002e-05,0.99966586
ID_QZDQPX,0.9984609,0.0004336576,0.0005894991,0.0005159774
ID_QVYSFM,0.00012211113,0.0005039982,0.0002812744,0.9990926
ID_WIUMTC,0.9986804,0.00026361653,0.0004366316,0.0006193028
ID_ROCPLC,0.00010521421,0.00018879015,0.00030718162,0.9993988
ID_GBCCNJ,0.00098679,0.00023490378,0.99846494,0.00031338414
ID_MNFBKJ,0.00014108213,0.0003104596,0.00015028659,0.9993981
ID_XVQFWW,0.97593564,0.0008927045,0.021005897,0.002165819
ID_NAHDLQ,0.9988476,0.00036318955,0.000441562,0.00034768673
ID_IVAWBE,1.9689025e-05,0.9999294,2.8610802e-05,2.2333044e-05
ID_JKVAAC,0.1155677,0.0021350163,0.878654,0.0036433106
ID_GVZZFW,0.0005815088,0.00027289308,0.9989543,0.0001912278
ID_KNUZPA,0.0024243735,0.000752116,0.99634296,0.00048050113
ID_VCUOUA,0.999564,0.000177236,0.00013248892,0.00012629213
ID_XCLVYX,0.0003565782,0.9990627,0.00024515804,0.00033558524
ID_SJMQBD,0.0001478626,0.000967301,0.00077311276,0.9981117
ID_CCNTTA,0.0016335407,0.00025221563,0.000468301,0.9976459
ID_DGIHFW,0.00042879645,0.99887794,0.0003812738,0.00031195514
ID_QXLQMR,0.00013459717,0.99917066,0.0003201071,0.0003746818
ID_ZDAUAT,0.99947125,0.00032191895,4.0214032e-05,0.0001665157
ID_SHDIID,0.00012549639,0.9996766,0.00012088971,7.709982e-05
ID_DZTHPW,0.99476445,0.00016592556,0.0042070593,0.00086259015
ID_OVOOFO,7.507058e-05,6.95949e-06,0.999814,0.000104108454
ID_AIQHUX,6.10957e-05,4.718571e-05,0.0001199305,0.9997718
ID_BZUXXM,0.00034193363,0.0009148799,0.00047243168,0.99827075
ID_CRIKEW,0.00027550905,0.00023101366,9.0447706e-05,0.999403
ID_JBBPNR,0.9981779,0.0002598176,0.00081251527,0.000749881
ID_FOVLQW,0.00018284023,5.427044e-05,0.99967813,8.469775e-05
ID_XYZFLF,0.0007684863,0.00054936274,0.99831474,0.00036737343
ID_YWBMIU,6.459403e-05,9.224706e-06,3.8815433e-05,0.99988735
ID_EOMOBF,0.00021852682,0.0005766614,0.000650978,0.9985538
ID_DQGGYD,3.177439e-05,0.999851,5.7514044e-05,5.9562044e-05
ID_QXSOBJ,0.00014111352,0.99962234,0.00014041198,9.6157026e-05
ID_SDQRVB,0.002176192,0.0009167848,0.992831,0.0040760213
ID_CHLDYV,0.00039000242,0.9988343,0.00029992458,0.0004757824
ID_BLOYRU,3.5606772e-05,2.9384622e-05,0.9998841,5.085145e-05
ID_EHJZYV,0.9988495,0.00012873368,0.0007355346,0.0002862222
ID_ZMZPNF,0.00021100594,0.9976584,0.00031058074,0.0018201398
ID_KSJZYW,0.00055036606,0.00023368352,0.9989618,0.00025415598
ID_GRTEMJ,0.002438941,0.9942826,0.0012606116,0.002017855
ID_PHXPOD,0.001079326,0.00030775563,0.998323,0.00028995378
ID_HMXDQX,2.3299774e-05,6.5563963e-06,2.2031945e-05,0.99994814
ID_ZPVCGH,8.80138e-05,0.00019187038,0.00015712647,0.9995629
ID_DGMYWY,0.0013546689,0.00057837577,0.9976393,0.00042771798
ID_WFREVI,0.00024600577,0.0002497528,0.00038287704,0.99912137
ID_MPRONQ,4.0757444e-05,3.7041336e-05,3.1027954e-05,0.99989116
ID_JMFWFN,0.99629825,0.001146326,0.0021990386,0.00035636435
ID_GXAHTP,0.99471045,0.00058888993,0.0037869276,0.0009137181
ID_ZWFLBS,3.652369e-05,1.9094616e-05,3.3219632e-05,0.9999112
ID_CHLUGJ,0.0006192017,0.00016604413,0.999035,0.00017986762
ID_ZPHTGI,0.99721354,0.0020785427,0.00025524205,0.00045268808
ID_IRWALG,1.6065504e-05,7.94886e-06,0.99995255,2.3500901e-05
ID_NZBHZD,3.9541315e-05,5.7715544e-05,6.4806234e-05,0.9998379
ID_ALGOGQ,1.7939105e-05,8.6394075e-06,0.9999335,3.9880153e-05
ID_ORIXUZ,1.2702732e-05,0.9999243,3.582688e-05,2.7091512e-05
ID_OZGWSO,0.00023822524,0.00012004483,0.99942017,0.00022165915
ID_JUQIPF,0.9997924,9.689432e-05,2.7037122e-05,8.3612445e-05
ID_LINAMW,0.00032146167,0.00019317624,0.9993087,0.0001766567
ID_ZIMSNW,0.00014559725,0.99905914,0.00035203047,0.0004432038
ID_CQPBJZ,0.99963653,0.0001855109,5.3291827e-05,0.00012460933
ID_KNLXQL,0.0045934482,6.7732944e-05,0.9949351,0.0004036764
ID_JNZOKX,2.7473201e-05,1.4459394e-05,0.9998863,7.1744886e-05
ID_XBBAGH,0.00039047992,0.00026533724,0.99911207,0.00023214016
ID_BTVXGK,0.00019901402,0.00024954736,0.0002154637,0.99933594
ID_WLOGEG,0.999762,0.00010759339,2.6246447e-05,0.00010411634
ID_GUEYOJ,9.831052e-05,3.913656e-05,5.202901e-05,0.9998105
ID_DDGNIM,0.9767501,0.0012940131,0.018158,0.0037979498
ID_ULZRVC,8.3646286e-05,0.00014250372,0.00017373003,0.9996001
ID_KWOISI,4.2632175e-05,0.9999058,2.7940925e-05,2.3584647e-05
ID_DHZVMF,0.00018292984,0.998887,0.00027231887,0.0006578134
ID_ZPMIGD,0.9995415,0.0001837022,8.6279986e-05,0.00018854576
ID_BUHWGN,0.9986273,0.00013067426,0.0006883484,0.00055370136
ID_KSRKIN,0.9988643,0.0006420999,0.00034223008,0.00015142195
ID_UFBZOV,0.00018270062,0.9990225,0.00037238168,0.00042247347
ID_RUTEEA,0.0012369506,0.0006237816,0.9976043,0.00053498294
ID_GLLBKQ,0.99250174,0.0007305205,0.0057113846,0.0010563161
ID_DRBNSZ,0.118838675,0.004401221,0.8703958,0.006364366
ID_MRASAT,0.00062701677,0.00015221084,0.9990422,0.00017857675
ID_KLVYAP,0.99523646,0.00027487325,0.0036485563,0.00084009557
ID_HWKIFI,0.00018599974,0.9993806,0.00012294922,0.00031042928
ID_NHJSDJ,0.00021005647,5.806755e-05,0.99963367,9.820318e-05
ID_PVFOBG,0.00029723512,0.000306542,0.99904376,0.00035235088
ID_QHHFWC,0.0015722512,0.0001412733,9.626499e-05,0.9981902
ID_OWQVGA,0.0001594206,0.99845207,0.00026037943,0.0011281105
ID_PCHQSU,4.3355783e-05,0.9998128,5.3605658e-05,9.0252004e-05
ID_WACWNE,0.00091956026,0.00062123884,0.00026727573,0.9981919
ID_MNKUZR,0.000115687406,0.9977969,0.0004954568,0.0015919586
ID_VIVXIR,2.0219582e-05,2.2024156e-05,0.99989974,5.8005175e-05
ID_CZUTBP,0.0009245199,0.00018967057,0.9986125,0.0002733505
ID_DCMDEF,3.7926544e-05,0.9997309,0.00013508425,9.615839e-05
ID_CRUQTU,0.0002905261,6.719881e-05,0.99934775,0.0002944653
ID_PKYMQI,0.99982125,0.00012732587,7.890992e-06,4.3623455e-05
ID_HMFMLT,0.9994723,0.0003700681,4.357323e-05,0.00011403733
ID_AYRSVB,0.99825734,0.00029120356,0.0011986372,0.00025281898
ID_YXYPNE,4.0261475e-05,0.99982053,6.4640735e-05,7.455474e-05
ID_PDCVQE,2.9249213e-05,2.9619576e-05,0.9997943,0.00014679201
ID_WZCZVF,0.0012905203,0.0022758758,0.0006032167,0.99583036
ID_BTYEBT,2.9933733e-05,1.1520062e-05,2.9672221e-05,0.99992883
ID_XXEXGF,0.00027253965,9.4096235e-05,0.99940515,0.00022824264
ID_NMZZMM,0.00038075817,0.00016681504,0.00011521819,0.99933714
ID_EDUVCV,0.00068709167,0.00047904236,0.9984877,0.00034610706
ID_BFALNR,0.9987012,0.00013689214,0.0007032717,0.00045860713
ID_QLLZQZ,0.0004559795,0.00017424881,0.0001885693,0.9991812
ID_JUVDVO,0.0009937034,2.39254e-05,0.9987532,0.00022923622
ID_IXPYEV,0.00028081122,0.9991296,0.0002637454,0.00032590303
ID_ARCTEP,3.4643585e-05,0.9997694,0.00012089251,7.512789e-05
ID_SUBIBF,0.00012303924,0.9991008,0.0002504329,0.00052575377
ID_VIFMCA,0.99980336,0.000113095106,1.2806735e-05,7.07501e-05
ID_UDICHC,0.00026889835,0.00051179243,0.00039357325,0.9988257
ID_AWDNCQ,0.00018276442,0.99899787,0.00034869177,0.00047066432
ID_LYDHSX,0.99872726,0.00045961124,0.0004984063,0.00031477952
ID_KYSBXX,0.0004516465,2.6681231e-05,0.9993338,0.00018789884
ID_PFCUWV,0.9980209,0.00046097077,0.0009551058,0.00056294975
ID_MUJNJW,0.00018358439,0.00020768841,0.00020309935,0.9994056
ID_AMUYDZ,0.00010089221,0.99970454,0.00010889165,8.5621534e-05
ID_TNTYMU,7.2229726e-05,1.9272006e-06,0.9998808,4.5053715e-05
ID_AGHEZK,0.9998541,7.333003e-05,1.2556074e-05,6.006792e-05
ID_RBRTQO,4.1494368e-05,0.99984133,5.1437775e-05,6.562775e-05
ID_LDRIRX,0.0003158929,6.964626e-05,0.99942976,0.00018462368
ID_CIVPPF,0.00029545743,0.9992085,0.00013157101,0.00036453462
ID_RGCNWA,0.99866545,0.00042417843,0.0004024038,0.0005079359
ID_TAXEGB,0.0056098127,0.00049453403,0.9930922,0.00080345967
ID_RTTNZC,0.00018918396,0.99922156,0.00024755672,0.00034177364
ID_KGGOYX,0.00028821078,9.308576e-05,0.99950683,0.000111857276
ID_UMYAFU,0.00013925733,0.00017364623,0.00011088426,0.9995763
ID_ZPRUAS,1.8976269e-05,0.9998605,5.013671e-05,7.035044e-05
ID_WPGKPU,3.0608717e-05,0.9998945,4.627256e-05,2.8620283e-05
ID_THGEGJ,0.99942964,0.0002756126,0.00014210095,0.00015264587
ID_HLDEDL,5.103685e-05,4.2804724e-05,3.9070568e-05,0.9998671
ID_XBLBFN,0.0008328369,0.00010088862,4.8266564e-05,0.99901795
ID_YNVASN,3.614811e-05,3.4014858e-05,0.9998888,4.102979e-05
ID_CEPPVK,0.999527,0.00023544469,0.00010892454,0.00012863637
ID_PPEGDJ,0.99916255,0.00017189392,0.00030691663,0.0003586891
ID_IVTLDU,7.003392e-05,0.99947697,0.00028389692,0.00016903941
ID_EXIPCZ,3.3431774e-05,0.99981004,8.093072e-05,7.574122e-05
ID_TFOYNB,0.00041976522,3.8049326e-05,0.9993622,0.0001800204
ID_XUBQXT,0.9712919,0.0012063029,0.023596406,0.0039055268
ID_GJDSLM,0.9994918,0.00031104262,6.234869e-05,0.00013478613
ID_PNFCKW,0.0013308061,0.0004928068,0.9978211,0.0003552902
ID_JLTBFO,0.0001517526,0.9992199,0.00026290907,0.00036545235
ID_GTODPC,0.0006389587,0.00020386775,0.998965,0.0001922082
ID_BXBUWW,0.0009744855,0.00030381445,0.9984505,0.000271095
ID_BMMBCB,0.0012963108,0.0007915522,0.997359,0.00055311393
ID_YRGNQU,0.00014284404,0.00029884017,0.00038116748,0.99917716
ID_MHBSUK,1.3432412e-05,0.9999249,3.1083317e-05,3.054747e-05
ID_ZWUJFO,0.52099156,0.040890384,0.42391482,0.014203264
ID_LCRGSC,4.7686204e-05,0.9997552,0.0001277926,6.9377995e-05
ID_UIFJLE,0.000110475856,2.0283307e-05,0.99980205,6.719769e-05
ID_DRCHAK,2.3905894e-05,1.4072674e-05,2.4424238e-05,0.99993753
ID_CDWNJE,0.0068184338,0.003265766,0.9883033,0.0016124279
ID_ROIPLG,7.505156e-05,1.8060502e-05,0.99985814,4.873811e-05
ID_ATFRKF,0.00025723578,0.9986093,0.0002376151,0.000895861
ID_HHQNRS,0.00028775464,0.00020564681,0.999263,0.00024356689
ID_PGOFPW,0.99923444,0.00025739532,0.00020137404,0.00030673473
ID_JTSIEM,7.3916446e-05,0.99978536,6.880814e-05,7.195774e-05
ID_RSCGZV,0.00069575175,0.99438405,0.0010981385,0.0038220484
ID_SPALGS,0.0004121069,0.0003775986,0.00042760812,0.9987827
ID_DJFCZY,0.00020867215,0.00051772455,0.00028258472,0.9989911
ID_CRRLME,0.000110374385,8.526909e-05,8.3837826e-05,0.9997205
ID_IBCCFS,0.0006570312,0.00017442091,0.0002996319,0.9988689
ID_BBZYDO,3.025232e-05,1.1069337e-05,0.99992895,2.96853e-05
ID_QEBWST,0.00046523492,0.99875796,0.00024301071,0.0005337914
ID_RKOHFR,0.0005823088,0.00011814018,5.501054e-05,0.9992446
ID_NRSIYE,8.012738e-05,0.00015750588,0.00013477987,0.9996276
ID_KPMQMU,0.00019869168,0.0001171436,0.99955064,0.00013343892
ID_ENGLHB,0.00028962648,3.8325772e-05,1.8353412e-05,0.9996537
ID_DQRJKX,5.3856296e-05,0.00022653597,0.00024500408,0.9994746
ID_UHCXKF,2.3740587e-05,0.9998385,6.83728e-05,6.9419315e-05
ID_XYJZIJ,6.448136e-05,0.99978,6.44829e-05,9.108883e-05
ID_HRVNSM,6.158759e-05,0.99976844,9.886061e-05,7.1159244e-05
ID_UOSZZU,0.0031823365,0.00022792605,0.99604875,0.000540984
ID_QAGXOK,9.5282885e-06,0.9999404,3.2377506e-05,1.7584503e-05
ID_YDZRTT,0.00029752724,0.0005566854,0.001178018,0.9979678
ID_UJTQRO,0.00012067709,0.99946135,0.0002592917,0.00015865806
ID_AMSOXU,0.997834,0.0017023528,0.00013655482,0.00032711102
ID_IZTUIX,0.99972504,0.00010529856,4.266998e-05,0.00012696041
ID_YZUYOS,0.99980706,8.3135084e-05,1.9172141e-05,9.055497e-05
ID_SXCZVK,0.00031552493,9.8644814e-05,0.0001532506,0.9994325
ID_UAVUGI,5.6492652e-05,5.2307387e-05,2.5861262e-05,0.9998653
ID_OTMNRG,0.00013901427,0.99900466,0.00040337324,0.00045302307
ID_PBEPTC,1.8573975e-05,2.6206997e-05,0.99981993,0.00013529652
ID_QZGPGU,6.100659e-05,0.99951196,0.00022392967,0.00020317406
ID_SHQXHO,0.0013157111,0.0004050102,0.99774665,0.00053260796
ID_PSQGYI,0.0011497452,0.00066234637,0.00021877076,0.9979691
ID_LJQFWN,0.0002675094,9.579564e-05,0.000118488504,0.99951816
ID_PTTKUH,6.068611e-05,1.6591055e-05,0.99984765,7.5104326e-05
ID_FTAXBU,0.98948085,0.00058745657,0.008180385,0.001751224
ID_BYYXZS,0.000414633,0.00033610762,0.99887115,0.0003780385
ID_EWZCIA,0.00022203386,0.00016334586,0.00028294727,0.99933165
ID_CNJEMU,0.000110465204,0.9990414,0.00025362126,0.0005943756
ID_AJGVTS,0.99961734,0.0002153251,4.007392e-05,0.00012727367
ID_MGUVTI,4.2743475e-05,0.999696,0.00011834854,0.00014285445
ID_PDCTGC,0.00035359125,5.6562214e-05,7.690032e-05,0.9995129
ID_IQUWWF,0.00042868534,8.783633e-05,0.00012691774,0.99935657
ID_VWQBGB,0.00013447537,7.0917224e-05,0.99972326,7.1445356e-05
ID_WLADEH,7.427709e-06,1.12692205e-05,0.9999229,5.8414596e-05
ID_OMVAKT,8.627975e-05,2.184073e-05,0.9998229,6.901617e-05
ID_HTVKWC,0.0011091455,0.0019060549,0.00084682007,0.9961379
ID_BZILSP,9.237647e-05,0.9996817,7.596978e-05,0.0001500614
ID_SLMINA,0.00011011977,0.99911934,0.00019124517,0.00057920645
ID_NMGGYU,3.9291066e-05,0.9998996,3.5683366e-05,2.5363162e-05
ID_ZZIPPX,0.99893373,0.00022340051,0.00043539226,0.00040754644
ID_VQAROW,0.97698045,0.0008884939,0.01871903,0.003412031
ID_EGCJWN,0.00044799014,0.00019060764,0.9991943,0.00016711233
ID_AKIAKB,0.000112058995,5.7089397e-05,8.352794e-05,0.99974734
ID_VFAACQ,2.2404576e-05,1.0123325e-05,0.9999391,2.8311102e-05
ID_HVISJK,0.000106865366,7.883261e-05,0.00015263892,0.9996617
ID_ZTKFQH,7.199393e-05,0.00012700564,9.446912e-05,0.99970645
ID_IQGRGJ,6.598564e-05,0.9997696,0.00010021713,6.406059e-05
ID_SICHIC,7.633428e-05,0.9989717,0.000196533,0.0007555336
ID_MSKYZF,0.00071176724,0.00038950873,0.9985422,0.00035653127
ID_LIYLWT,5.9794125e-05,0.00010951144,0.000112441536,0.99971825
ID_IEFQOC,0.0004260191,0.00029787506,0.9988286,0.0004474505
ID_QJPPKT,0.00026519873,0.9995214,0.00017526075,3.81451e-05
ID_JVEFEE,0.0003430664,0.00012542812,0.9993882,0.00014337653
ID_FHIWZA,0.00022570217,0.00012105001,0.00016015963,0.9994931
ID_JECZIE,8.524047e-05,3.7523678e-05,0.99981016,6.714565e-05
ID_RAWHIQ,0.000125415,0.00020771458,0.00021831627,0.9994486
ID_IIAVBJ,0.9975547,0.00016971873,0.0015616013,0.0007139475
ID_NJLZUJ,0.00021967254,0.9983303,0.00044594874,0.0010040519
ID_FBVDCV,0.99852294,0.0010363279,0.00015462401,0.0002861442
ID_BWUYYP,0.9998267,0.00010583896,1.4524538e-05,5.2969444e-05
ID_XFSLFU,0.9994629,0.00017460888,0.00016296041,0.00019949501
ID_EUHSAJ,1.5819218e-05,0.9998684,5.8737645e-05,5.7016812e-05
ID_PICJTF,0.00061368715,0.9986879,0.00032762453,0.00037078126
ID_QTBPXG,9.576573e-05,4.20154e-05,0.9997961,6.6146284e-05
ID_KDUBNX,9.576489e-06,1.1890648e-05,0.9999299,4.8677317e-05
ID_BWVHUF,0.9970733,0.00021498694,0.0019498348,0.00076185405
ID_YZJCKD,0.9996934,0.00012224016,3.4512414e-05,0.00014984977
ID_AUPWYI,1.5846274e-05,4.5662778e-06,1.3141746e-05,0.9999665
ID_MPKKUQ,0.00021545026,0.000105211366,8.938792e-05,0.99959
ID_JDEOCS,0.00017042953,6.019607e-06,0.9997427,8.083417e-05
ID_NDSJDA,0.00011548812,6.691918e-05,0.9997458,7.173372e-05
ID_LPMFGH,1.1812509e-05,0.99978465,8.271267e-05,0.00012089597
ID_BNZPZI,0.00032830014,0.99847275,0.00045146333,0.00074754015
ID_DUQOMR,0.00014084212,0.9995608,0.00016255585,0.0001358161
ID_EJUYIB,0.00077766745,0.99672145,0.0007818642,0.0017191189
ID_RRBFNL,0.00026938316,9.330414e-05,0.999464,0.00017338099
ID_VLTTHY,6.8228146e-05,0.9998111,5.7365058e-05,6.344576e-05
ID_SXNPKC,6.772963e-05,0.999595,0.0001809991,0.00015634348
ID_NKRJRE,0.0022308277,0.0013326509,0.9954768,0.0009598102
ID_TVDXTF,0.00035679206,0.00056072255,0.00028434527,0.99879813
ID_MBGIRZ,3.8078677e-05,2.458544e-05,0.99990225,3.5008266e-05
ID_TMLHZP,0.9950552,0.0006176467,0.0034757575,0.00085138687
ID_WHIUUU,0.9989109,0.0006331242,0.00024064764,0.00021525749
ID_EFLZAC,0.0015704854,0.00167195,0.99481815,0.0019394506
ID_UJNKSW,2.258632e-05,1.9868705e-05,5.3155032e-05,0.9999044
ID_SBEIYW,0.00017234431,0.00017207202,0.00019203618,0.9994635
ID_RVUZXG,0.99868554,0.00031822658,0.00057480735,0.00042145143
ID_KVZAOY,0.00028493168,4.4423563e-05,0.00015176443,0.9995189
